nrNodes nrCollisions nrTransmissions OverallEnergy nrReceived nrProcessed timeToFly
1 0 676 117.689155584 676 676 891584.512
10 0 6685 1163.83432704 6685 6685 8816926.72
20 6 13447 2341.07407565 13441 13447 17735409.664
30 10 20102 3499.68551117 20092 20102 26512769.024
40 36 26849 4674.31381402 26813 26849 35411468.288
50 76 33678 5863.21802035 33602 33678 44418318.336
60 130 40363 7027.05234739 40233 40363 53235245.056
70 148 46965 8176.43667456 46817 46965 61942702.08
80 182 53820 9369.86738688 53638 53820 70983843.84
90 258 60375 10511.069184 60117 60375 79629312.0
100 294 67302 11717.034836 67008 67302 88765415.424
110 436 73757 12840.8269947 73321 73757 97278992.384
120 433 80093 13943.9016837 79660 80093 105635618.816
130 464 87372 15211.1492628 86908 87372 115235979.264
140 510 94328 16422.16371 93818 94328 124410331.136
150 688 100945 17574.1594829 100257 100945 133137571.84
160 847 107022 18632.1432084 106175 107022 141152600.064
170 878 114487 19931.772715 113609 114487 150998278.144
180 1022 119916 20876.9419837 118894 119916 158158651.392
190 1151 127140 22134.6142618 125985 127136 167686471.68
200 1139 134047 23337.097986 132908 134047 176796196.864
210 1482 140524 24464.7202652 139042 140524 185338789.888
220 1320 148191 25799.5172413 146871 148191 195450888.192
230 1649 154216 26848.4479549 152567 154216 203397332.992
240 1907 160223 27894.2449336 158316 160223 211320037.376
250 1923 167460 29154.1804646 165537 167460 220865003.52
260 2178 174479 30376.1629839 172299 174477 230122446.848
270 2173 181057 31521.3689979 178884 181057 238798249.984
280 2317 187295 32607.3822413 184977 187294 247025623.04
290 2543 194493 33860.5280133 191950 194493 256519151.616
300 2629 201605 35098.7014963 198976 201605 265899253.76
310 2868 208337 36270.7183534 205469 208337 274778169.344
320 3117 214383 37323.3050911 211265 214382 282752311.296
330 3373 221593 38578.5400197 218220 221593 292261666.816
340 3283 227935 39682.659287 224651 227934 300626206.72
350 3902 234999 40912.4761436 231097 234999 309943001.088
360 3975 241423 42030.8713144 237447 241422 318415691.776
370 4343 248552 43272.004436 244209 248552 327818215.424
380 4183 254957 44387.0917755 250774 254957 336265846.784
390 4517 261568 45538.0429701 257051 261568 344985174.016
400 4702 268129 46680.2893455 263427 268129 353638555.648
410 4897 275118 47897.0489733 270220 275117 362856431.616
420 5093 282177 49125.995348 277083 282176 372166631.424
430 5552 288064 50150.9007606 282512 288064 379931066.368
440 5563 295051 51367.3121956 289487 295050 389146304.512
450 6308 301535 52496.1531494 295225 301533 397698129.92
460 6209 309172 53825.727234 302963 309172 407770660.864
470 6669 315496 54926.7127665 308826 315495 416111460.352
480 6568 321423 55958.5820344 314854 321422 423928651.776
490 7692 329205 57313.4000947 321513 329205 434192424.96
500 7351 334490 58233.4994842 327138 334489 441162874.88
1 0 665 115.77409536 665 665 877076.48
10 4 6759 1176.71745946 6755 6759 8914526.208
20 14 13477 2346.29696717 13463 13477 17774977.024
30 10 20269 3528.7596073 20259 20269 26733027.328
40 34 26640 4637.92766976 26606 26640 35135815.68
50 118 33410 5816.56018944 33292 33410 44064849.92
60 84 40257 7008.59813069 40173 40257 53095440.384
70 150 46912 8167.20956621 46762 46912 61872799.744
80 210 53499 9313.98244762 53289 53499 70560473.088
90 226 60311 10499.9270154 60085 60311 79544901.632
100 282 67043 11671.9438725 66760 67042 88423817.216
110 334 73935 12871.816151 73601 73935 97513758.72
120 388 80110 13946.8613222 79722 80110 105658040.32
130 446 86549 15067.8679388 86103 86549 114150514.688
140 587 93885 16345.0390118 93298 93885 123826053.12
150 617 100258 17454.5552671 99641 100258 132231479.296
160 681 107627 18737.4715208 106946 107627 141950541.824
170 886 114423 19920.6305464 113537 114423 150913867.776
180 989 120681 21010.1257175 119692 120681 159167619.072
190 1050 127165 22138.9666714 126115 127165 167719444.48
200 1126 133680 23273.2046131 132554 133680 176312156.16
210 1226 140606 24478.9961687 139380 140606 185446940.672
220 1357 147219 25630.2955561 145862 147219 194168905.728
230 1648 154708 26934.1033759 153060 154708 204046237.696
240 1905 161747 28159.5678228 159842 161747 213330059.264
250 1873 167210 29110.6563686 165337 167210 220535275.52
260 1986 174680 30411.1563571 172694 174680 230387548.16
270 2024 180941 31501.1738173 178917 180941 238645256.192
280 2190 188471 32812.1195889 186281 188471 248576663.552
290 2852 194658 33889.2539167 191804 194656 256736772.096
300 2832 201518 35083.5551109 198685 201517 265784508.416
310 2839 208000 36212.047872 205161 208000 274333696.0
320 3188 214833 37401.6484639 211645 214833 283345821.696
330 2933 221525 38566.7014656 218591 221524 292171980.8
340 3323 226867 39496.7243489 223544 226867 299217608.704
350 3465 234767 40872.0857825 231302 234767 309637013.504
360 3669 241429 42031.9158927 237759 241428 318423605.248
370 4090 248403 43246.0640748 244312 248402 327621697.536
380 4071 255540 44488.5899674 251467 255538 337034772.48
390 4652 261598 45543.2658616 256946 261598 345024741.376
400 4687 268413 46729.7327186 263726 268413 354013126.656
410 5001 275453 47955.371262 270452 275453 363298267.136
420 5270 281745 49050.7857101 276474 281744 371596861.44
430 5267 288338 50198.6031698 283071 288338 380292448.256
440 5818 295116 51378.6284605 289298 295116 389232033.792
450 5944 302027 52581.8085704 296082 302026 398347034.624
460 6541 308455 53700.9001267 301914 308455 406825000.96
470 6380 315796 54978.9416817 309416 315796 416507133.952
480 6982 323016 56235.9175741 316033 323015 426029678.592
490 7106 330110 57470.9573222 323003 330109 435386040.32
500 7396 335629 58431.7952655 328232 335628 442665115.648
1 0 678 118.037348352 678 678 894222.336
10 6 6878 1197.43492915 6872 6878 9071476.736
20 6 13326 2320.00841318 13320 13326 17575821.312
30 18 20067 3493.59213773 20049 20067 26466607.104
40 36 26613 4633.22706739 26577 26613 35100205.056
50 62 33611 5851.55356262 33549 33611 44329951.232
60 162 40608 7069.70596147 40446 40608 53558378.496
70 185 47091 8198.37281894 46905 47090 62108884.992
80 212 53688 9346.88666419 53476 53688 70809747.456
90 200 60549 10541.3619548 60349 60549 79858802.688
100 269 67227 11703.9776072 66957 67226 88666497.024
110 417 73755 12840.4788019 73338 73755 97276354.56
120 363 80716 14052.3637309 80353 80716 106457300.992
130 461 87502 15233.7817928 87040 87501 115407437.824
140 512 93527 16282.7125064 93014 93526 123353882.624
150 777 100618 17517.2299653 99841 100618 132706287.616
160 704 107094 18644.6781481 106389 107093 141247561.728
170 928 113887 19827.3148846 112959 113887 150206930.944
180 1022 120815 21033.454633 119792 120814 159344353.28
190 1067 127829 22254.5666703 126762 127829 168595202.048
200 1168 134265 23375.0509978 133097 134265 177083719.68
210 1234 140617 24480.9112289 139383 140617 185461448.704
220 1479 148008 25767.6576031 146529 148008 195209527.296
230 1507 154473 26893.1907256 152966 154473 203736293.376
240 1683 161387 28096.8931246 159704 161387 212855250.944
250 1906 167334 29132.2443203 165428 167334 220698820.608
260 2124 173900 30275.3611776 171774 173898 229358796.8
270 2421 181040 31518.4093594 178619 181040 238775828.48
280 2323 187729 32682.9400719 185406 187729 247598030.848
290 2710 193975 33770.3460864 191265 193975 255835955.2
300 2639 201166 35022.2731837 198526 201165 265320251.392
310 2844 207599 36142.235222 204754 207598 273804812.288
320 3113 214911 37415.2279818 211798 214911 283448696.832
330 3165 221243 38517.6062853 218078 221243 291800047.616
340 3713 228632 39804.0044667 224919 228632 301545488.384
350 3802 234505 40826.4725299 230703 234505 309291458.56
360 4178 241152 41983.6911944 236974 241152 318058266.624
370 3782 248192 43209.3297377 244409 248191 327343407.104
380 4551 254848 44368.1152696 250297 254848 336122085.376
390 4842 261820 45581.9152589 256978 261820 345317539.84
400 4815 268289 46708.144767 263471 268286 353849581.568
410 5000 275739 48005.1628278 270738 275738 363675475.968
420 4974 281677 49038.947156 276702 281676 371507175.424
430 5716 287497 50052.1881108 281780 287496 379183243.264
440 5821 295670 51475.0778573 289847 295668 389962711.04
450 5619 301783 52539.3290527 296164 301783 398025220.096
460 6209 308403 53691.8471148 302194 308403 406756417.536
470 6629 315180 54871.6983091 308550 315179 415694684.16
480 6660 321840 56031.1802266 315180 321840 424478638.08
490 7253 328282 57152.7091323 321028 328281 432975069.184
500 7420 335282 58371.3838203 327861 335281 442207453.184
1 0 722 125.697589248 722 722 952254.464
10 0 6806 1184.8999895 6806 6806 8976515.072
20 12 13296 2314.78552166 13284 13296 17536253.952
30 28 20114 3501.77466778 20086 20114 26528595.968
40 22 26866 4677.27345254 26844 26866 35433889.792
50 40 33730 5872.27103232 33690 33730 44486901.76
60 94 40496 7050.20716646 40402 40496 53410660.352
70 136 47152 8208.99269837 47016 47152 62189338.624
80 158 53514 9316.59389338 53356 53514 70580256.768
90 278 60598 10549.8926776 60320 60598 79923429.376
100 354 67040 11671.4215834 66686 67040 88419860.48
110 354 73717 12833.8631393 73363 73717 97226235.904
120 465 80596 14031.4721649 80131 80596 106299031.552
130 476 87475 15229.0811904 86999 87475 115371827.2
140 654 94116 16385.2552765 93462 94116 124130721.792
150 741 100922 17570.155266 100181 100922 133107236.864
160 738 107628 18737.6456172 106889 107627 141951860.736
170 860 114525 19938.3883776 113665 114525 151048396.8
180 1018 120175 20922.0329472 119156 120174 158500249.6
190 1020 127749 22240.6389596 126729 127749 168489689.088
200 1036 133952 23320.5588296 132916 133952 176670900.224
210 1273 141266 24593.8997821 139992 141265 186317422.592
220 1445 146947 25582.9413396 145501 146946 193810161.664
230 1492 154276 26858.893738 152784 154276 203476467.712
240 1728 161042 28036.8298721 159314 161042 212400226.304
250 1847 167863 29224.3413074 166016 167863 221396525.056
260 1967 174350 30353.7045504 172383 174350 229952307.2
270 2025 181184 31543.4792387 179159 181184 238965751.808
280 2585 187290 32606.5117594 184702 187287 247019028.48
290 2568 194717 33899.5256033 192149 194717 256814587.904
300 2686 200789 34956.638847 198102 200788 264823021.568
310 2540 208092 36228.0647393 205552 208092 274455035.904
320 3110 214720 37381.9755725 211610 214720 283196784.64
330 3195 221616 38582.5442365 218420 221615 292292001.792
340 3408 227966 39688.0562749 224558 227966 300667092.992
350 3525 234600 40843.0116864 231075 234600 309416755.2
360 3838 241602 42062.0345672 237764 241602 318651777.024
370 3943 248750 43306.47552 244806 248749 328079360.0
380 4223 254936 44383.4357514 250713 254936 336238149.632
390 4378 260633 45375.2628511 256254 260632 343751991.296
400 4665 267612 46590.281515 262947 267612 352956678.144
410 5016 275304 47929.4309007 270288 275304 363101749.248
420 5208 281695 49042.0808909 276487 281695 371530915.84
430 5534 288472 50221.9320852 282938 288472 380469182.464
440 6099 295357 51420.5856891 289257 295356 389549891.584
450 6304 301180 52434.3489331 294876 301180 397229916.16
460 6393 309604 53900.9368719 303209 309602 408340430.848
470 6480 315014 54842.7983094 308532 315012 415475744.768
480 6959 322536 56152.3513098 315577 322536 425396600.832
490 7257 329498 57364.4103352 322239 329496 434578866.176
500 7526 335424 58396.1055068 327898 335424 442394738.688
1 0 644 112.118071296 644 644 849379.328
10 0 6626 1153.56264038 6626 6626 8739110.912
20 6 13331 2320.8788951 13325 13331 17582415.872
30 32 20055 3491.50298112 20023 20055 26450780.16
40 36 26951 4692.07164518 26915 26951 35545997.312
50 82 33760 5877.49392384 33678 33760 44526469.12
60 104 40253 7007.90174515 40149 40253 53090164.736
70 186 47247 8225.53185485 47061 47247 62314635.264
80 190 53970 9395.98184448 53780 53970 71181680.64
90 206 60070 10457.9697869 59864 60070 79227043.84
100 276 67250 11707.981824 66974 67250 88696832.0
110 280 74013 12885.395669 73733 74013 97616633.856
120 460 80889 14082.4824054 80429 80889 106685472.768
130 523 87068 15158.2239621 86545 87068 114835030.016
140 639 93985 16362.4486502 93345 93984 123957944.32
150 675 100827 17553.6161096 100152 100827 132981940.224
160 804 107087 18643.4594734 106283 107087 141238329.344
170 772 113802 19812.516692 113029 113801 150094823.424
180 965 120987 21063.399211 120022 120987 159571206.144
190 1087 127524 22201.4672732 126437 127524 168192933.888
200 1378 134577 23429.3690696 133199 134577 177495220.224
210 1199 141183 24579.4497823 139983 141182 186207952.896
220 1444 148474 25848.786518 147030 148474 195824140.288
230 1479 153507 26725.0136187 152028 153507 202462224.384
240 1957 161706 28152.4298711 159748 161705 213275983.872
250 1846 166997 29073.5738388 165149 166995 220254347.264
260 1955 174532 30385.3900923 172577 174532 230192349.184
270 2320 181415 31583.6955034 179095 181415 239270420.48
280 2405 187681 32674.5834455 185276 187681 247534723.072
290 2414 194355 33836.5027123 191940 194354 256337141.76
300 2658 201092 35009.3900513 198434 201092 265222651.904
310 2579 208809 36352.8918467 206230 208809 275400695.808
320 2977 214567 37355.3388257 211590 214567 282994991.104
330 3301 220784 38437.6960451 217483 220784 291194667.008
340 3362 227672 39636.871938 224310 227672 300279332.864
350 3759 234449 40816.7231324 230690 234449 309217599.488
360 3896 240715 41907.6110746 236818 240714 317481902.08
370 3942 247813 43143.3472082 243870 247812 326843539.456
380 4117 255238 44436.0128594 251121 255238 336636461.056
390 4688 262019 45616.5604393 257331 262019 345580003.328
400 4647 268411 46729.3845258 263764 268411 354010488.832
410 4958 275183 47908.3652383 270224 275182 362942160.896
420 5231 281805 49061.2314931 276572 281803 371675996.16
430 5545 289220 50352.1561805 283674 289219 381455728.64
440 5905 296121 51553.5953265 290216 296121 390557540.352
450 6190 302530 52669.3790515 296338 302528 399010447.36
460 5993 308249 53665.0362716 302256 308249 406553305.088
470 6722 315290 54890.8489114 308568 315290 415839764.48
480 6709 322492 56144.6910689 315783 322492 425338568.704
490 7164 329733 57405.3229855 322569 329733 434888810.496
500 7328 335897 58478.4530964 328569 335897 443018584.064
1 0 676 117.689155584 676 676 891584.512
10 0 6783 1180.89577267 6783 6783 8946180.096
20 16 13399 2332.71744922 13383 13399 17672101.888
30 54 20262 3527.54093261 20208 20262 26723794.944
40 81 26897 4682.67044045 26816 26897 35474776.064
50 50 33550 5840.9336832 33499 33549 44249497.6
60 134 40235 7004.76801024 40101 40235 53066424.32
70 162 47183 8214.38968627 47021 47183 62230224.896
80 204 53588 9329.47702579 53384 53588 70677856.256
90 212 60411 10517.3366538 60199 60411 79676792.832
100 314 67366 11728.1770045 67052 67366 88849825.792
110 389 73820 12851.7950669 73431 73820 97362083.84
120 415 80415 13999.9607194 80000 80415 106060308.48
130 485 87224 15185.382998 86739 87224 115040780.288
140 520 94000 16365.060096 93479 93999 123977728.0
150 781 100257 17454.3811707 99476 100257 132230160.384
160 745 107568 18727.1998341 106822 107567 141872726.016
170 771 114672 19963.980546 113901 114672 151242276.864
180 978 121162 21093.8660782 120184 121162 159802015.744
190 978 127929 22271.9763087 126951 127929 168727093.248
200 1300 135000 23503.01184 133700 135000 178053120.0
210 1371 140407 24444.3509883 139035 140406 185184477.184
220 1509 147849 25739.976278 146340 147849 194999820.288
230 1671 154378 26876.6515692 152707 154378 203610996.736
240 1723 161946 28194.2130033 160222 161945 213592522.752
250 1766 167949 29239.3135964 166182 167948 221509951.488
260 2015 174381 30359.1015383 172366 174381 229993193.472
270 2238 182129 31708.0003215 179891 182129 240212123.648
280 2416 187915 32715.3219994 185499 187915 247843348.48
290 2324 194286 33824.4900618 191962 194286 256246136.832
300 2657 201210 35029.9334246 198549 201206 265378283.52
310 2904 207863 36188.1966674 204959 207863 274153005.056
320 3078 214272 37303.9803924 211194 214272 282605912.064
330 3076 221295 38526.6592973 218219 221295 291868631.04
340 3613 227846 39667.1647089 224232 227845 300508823.552
350 3758 235463 40993.2568658 231703 235461 310554976.256
360 3806 241834 42102.4249283 238028 241834 318957764.608
370 3719 247571 43101.2158833 243851 247570 326524362.752
380 4399 254386 44287.6827402 249987 254386 335512748.032
390 4661 260759 45397.1989955 256097 260758 343918174.208
400 4826 269111 46851.2519946 264285 269111 354933727.232
410 5259 275650 47989.6682496 270389 275648 363558092.8
420 5197 282648 49207.9947448 277450 282647 372787838.976
430 5909 288291 50190.4206397 282382 288291 380230459.392
440 5755 295297 51410.139906 289541 295296 389470756.864
450 6033 301576 52503.2911012 295542 301575 397752205.312
460 6137 308818 53764.0971141 302681 308818 407303766.016
470 6697 314591 54769.1555389 307893 314590 414917844.992
480 6957 322043 56066.5217925 315084 322041 424746377.216
490 7437 328526 57195.18865 321089 328526 433296883.712
500 7197 336238 58537.8199634 329041 336238 443468333.056
1 0 628 109.332529152 628 628 828276.736
10 4 6752 1175.49878477 6748 6752 8905293.824
20 10 13182 2294.93853389 13172 13182 17385897.984
30 14 20080 3495.85539072 20065 20079 26483752.96
40 52 27049 4709.13309082 26997 27049 35675250.688
50 82 33869 5896.4704297 33787 33869 44670230.528
60 146 40036 6970.12282982 39890 40036 52803960.832
70 179 46622 8116.72161485 46443 46622 61490315.264
80 209 53789 9364.47039898 53580 53789 70942957.568
90 280 60467 10527.0860513 60187 60467 79750651.904
100 364 66914 11649.485439 66550 66914 88253677.568
110 308 74197 12917.4294036 73889 74197 97859313.664
120 420 80398 13997.0010808 79978 80398 106037886.976
130 548 87586 15248.405889 87038 87586 115518226.432
140 584 93938 16354.2661202 93353 93937 123895955.456
150 724 100839 17555.7052662 100115 100839 132997767.168
160 735 107717 18753.1401953 106982 107717 142069243.904
170 939 114506 19935.0805463 113567 114506 151023337.472
180 1060 120948 21056.609452 119888 120948 159519768.576
190 1099 127432 22185.4504059 126332 127431 168071593.984
200 1207 134892 23484.2094305 133685 134892 177910677.504
210 1370 140107 24392.1220731 138737 140107 184788803.584
220 1622 147333 25650.1425439 145711 147333 194319261.696
230 1352 154601 26915.4750628 153248 154600 203905114.112
240 1733 161275 28077.3943296 159542 161275 212707532.8
250 1872 167488 29159.0551634 165614 167486 220901933.056
260 2063 174551 30388.6979236 172488 174551 230217408.512
270 2045 181227 31550.9653832 179182 181227 239022465.024
280 2319 187868 32707.1394693 185549 187868 247781359.616
290 2413 193546 33695.6587377 191133 193546 255270141.952
300 2803 201555 35089.9966771 198752 201555 265833308.16
310 2731 207991 36210.4810045 205260 207991 274321825.792
320 3092 214436 37332.5321994 211343 214435 282822213.632
330 3062 219951 38292.6737572 216889 219951 290096013.312
340 3588 228754 39825.2442255 225166 228754 301706395.648
350 3474 234345 40798.6171085 230871 234345 309080432.64
360 3851 242116 42151.5201085 238263 242114 319329697.792
370 3958 248881 43329.2821463 244923 248881 328252137.472
380 4343 254979 44390.9218959 250636 254979 336294862.848
390 4749 261448 45517.151404 256697 261446 344826904.576
400 4833 268707 46780.9170555 263874 268707 354400886.784
410 5114 275673 47993.6724664 270558 275672 363588427.776
420 5147 281428 48995.5971564 276281 281428 371178766.336
430 5623 289280 50362.6019635 283657 289280 381534863.36
440 5939 296223 51571.3531576 290283 296222 390692069.376
450 6051 301489 52488.1447158 295438 301489 397637459.968
460 6484 308198 53656.157356 301714 308198 406486040.576
470 6633 315376 54905.8212004 308743 315376 415953190.912
480 7040 321546 55979.9958897 314505 321545 424090877.952
490 7331 328369 57167.8555177 321037 328368 433089814.528
500 7070 335683 58441.1964703 328612 335682 442736336.896
1 0 680 118.38554112 680 680 896860.16
10 0 6665 1160.35239936 6665 6665 8790548.48
20 26 13389 2330.97648538 13363 13389 17658912.768
30 40 19992 3480.53490893 19952 19992 26367688.704
40 50 27030 4705.82525952 26980 27030 35650191.36
50 112 33675 5862.6957312 33563 33675 44414361.6
60 106 40020 6967.33728768 39914 40020 52782858.24
70 157 46791 8146.14390374 46633 46790 61713211.392
80 192 53845 9374.21979648 53653 53845 71016816.64
90 224 60117 10466.1523169 59893 60117 79289032.704
100 306 66909 11648.6149571 66603 66909 88247083.008
110 402 73797 12847.79085 73395 73797 97331748.864
120 364 79926 13914.8275876 79562 79926 105415360.512
130 528 87512 15235.5227566 86984 87512 115420626.944
140 516 94615 16472.1293722 94098 94614 124788858.88
150 627 100632 17519.6673147 100005 100632 132724752.384
160 734 107643 18740.2570629 106908 107642 141971644.416
170 868 114155 19873.9727155 113286 114154 150560399.36
180 1132 120875 21043.900416 119743 120875 159423488.0
190 1141 127816 22252.3034173 126675 127816 168578056.192
200 1368 134694 23449.7383465 133326 134694 177649532.928
210 1484 140154 24400.3046031 138670 140154 184850792.448
220 1381 147911 25750.7702538 146529 147910 195081592.832
230 1638 153920 26796.9154253 152282 153920 203006935.04
240 1738 160954 28021.5093903 159216 160954 212284162.048
250 1557 167507 29162.3629947 165950 167507 220926992.384
260 2043 175300 30519.0961152 173257 175300 231205273.6
270 2170 181949 31676.6629724 179779 181949 239974719.488
280 2269 188660 32845.0238054 186390 188659 248825937.92
290 2532 194066 33786.1888573 191534 194066 255955976.192
300 2793 201006 34994.4177623 198213 201006 265109225.472
310 3009 207480 36121.5177523 204470 207479 273647861.76
320 2899 213864 37232.9490678 210964 213863 282067795.968
330 3470 221732 38602.7394171 218261 221731 292444995.584
340 3548 227514 39609.3647094 223966 227514 300070944.768
350 3662 233630 40674.1381939 229968 233630 308137410.56
360 4066 241357 42019.3809531 237290 241356 318328643.584
370 3885 247989 43173.9881718 244104 247989 327075667.968
380 4344 255103 44412.5098476 250758 255102 336458407.936
390 4763 261331 45496.7821271 256567 261330 344672591.872
400 4767 268757 46789.6218747 263990 268757 354466832.384
410 4824 274958 47869.1935519 270133 274957 362645405.696
420 5259 281997 49094.6579988 276738 281997 371929227.264
430 5367 288437 50215.8387118 283069 288436 380423020.544
440 5961 296201 51567.5230372 290240 296201 390663053.312
450 5934 301396 52471.9537521 295462 301396 397514801.152
460 6174 308770 53755.7404877 302596 308770 407240458.24
470 6625 314962 54833.7452974 308337 314962 415407161.344
480 7194 322538 56152.6995026 315342 322536 425399238.656
490 7238 328703 57226.00371 321464 328702 433530331.136
500 7732 335549 58417.8675548 327816 335548 442559602.688
1 0 626 108.984336384 626 626 825638.912
10 0 6673 1161.74517043 6673 6673 8801099.776
20 12 13457 2342.81503949 13445 13457 17748598.784
30 24 20130 3504.56020992 20106 20130 26549698.56
40 71 26993 4699.38369331 26922 26993 35601391.616
50 70 33393 5813.60055091 33323 33393 44042428.416
60 143 40137 6987.70656461 39994 40137 52937170.944
70 114 47074 8195.41318042 46960 47074 62086463.488
80 184 53722 9352.80594125 53538 53722 70854590.464
90 288 60483 10529.8715935 60195 60483 79771754.496
100 330 67155 11691.4426675 66825 67155 88571535.36
110 372 73606 12814.5384407 73234 73606 97079836.672
120 498 80609 14033.7354179 80111 80609 106316177.408
130 446 86862 15122.360107 86415 86861 114563334.144
140 580 93702 16313.1793736 93122 93702 123584692.224
150 638 100655 17523.6715315 100017 100655 132755087.36
160 833 107636 18739.0383882 106802 107635 141962412.032
170 986 114149 19872.9281372 113163 114149 150552485.888
180 1056 120949 21056.7835484 119893 120949 159521087.488
190 1055 127706 22233.1528151 126651 127706 168432975.872
200 1080 134058 23339.0130463 132978 134058 176810704.896
210 1128 140884 24527.3949635 139756 140884 185813598.208
220 1472 147741 25721.1738685 146269 147741 194857377.792
230 1648 153999 26810.6690396 152351 153999 203111129.088
240 1854 161597 28133.4533652 159743 161597 213132222.464
250 1891 168332 29305.9925115 166441 168332 222015094.784
260 2024 174768 30426.4768389 172744 174768 230503612.416
270 2166 181285 31561.0629734 179119 181285 239098961.92
280 2400 187815 32697.912361 185414 187814 247711457.28
290 2483 194268 33821.3563269 191785 194268 256222396.416
300 2736 201307 35046.8207739 198570 201306 265506217.984
310 2822 208375 36277.334016 205553 208375 274828288.0
320 3053 214368 37320.6936453 211315 214368 282732527.616
330 3112 221131 38498.1074903 218019 221131 291652329.472
340 3509 228900 39850.6622976 225391 228900 301898956.8
350 3711 234247 40781.5556628 230535 234246 308951179.264
360 3580 241042 41964.5405921 237462 241042 317913186.304
370 3978 248224 43214.900822 244246 248224 327385612.288
380 4117 254699 44342.1749084 250581 254698 335925567.488
390 4629 262793 45751.3110405 258164 262793 346600841.216
400 4871 267702 46605.9501896 262831 267702 353075380.224
410 4941 274214 47739.6658422 269271 274212 361664135.168
420 5152 281731 49048.3483607 276578 281730 371578396.672
430 5492 288423 50213.4013624 282931 288423 380404555.776
440 5670 294568 51283.2236421 288898 294568 388509270.016
450 5874 302915 52736.4061594 297041 302915 399518228.48
460 6477 308001 53621.8603684 301524 308001 406226214.912
470 6376 315270 54887.3669837 308893 315269 415813386.24
480 6830 322434 56134.5934787 315603 322433 425262071.808
490 6989 328983 57274.7506975 321993 328982 433899626.496
500 7364 335141 58346.8362301 327777 335141 442021486.592
1 0 660 114.90361344 660 660 870481.92
10 0 6560 1142.07227904 6560 6560 8652062.72
20 0 13251 2306.95118438 13251 13251 17476902.912
30 38 20262 3527.54093261 20224 20262 26723794.944
40 46 27076 4713.83369318 27030 27076 35710861.312
50 76 33417 5817.77886413 33341 33417 44074082.304
60 84 40342 7023.39632333 40258 40342 53207547.904
70 210 46841 8154.84872294 46631 46841 61779156.992
80 179 53693 9347.75714611 53514 53693 70816342.016
90 238 60215 10483.2137626 59977 60215 79418286.08
100 355 67134 11687.7866435 66779 67134 88543838.208
110 368 73731 12836.3004887 73363 73731 97244700.672
120 541 80643 14039.6546949 80102 80643 106361020.416
130 427 87498 15233.0854072 87071 87498 115402162.176
140 584 93732 16318.4022651 93148 93732 123624259.584
150 571 100684 17528.7203267 100113 100684 132793335.808
160 789 107670 18744.9576653 106880 107669 142007255.04
170 862 114126 19868.9239204 113264 114126 150522150.912
180 844 120394 20960.1600553 119550 120394 158789091.328
190 1250 127724 22236.28655 126474 127724 168456716.288
200 1298 133921 23315.1618417 132623 133921 176630013.952
210 1223 140394 24442.0877353 139171 140394 185167331.328
220 1397 147098 25609.2298936 145701 147098 194009317.376
230 1524 154502 26898.2395208 152978 154502 203774541.824
240 1792 160732 27982.8599931 158940 160732 211991363.584
250 1807 167173 29104.2148024 165366 167173 220486475.776
260 2017 174613 30399.4918994 172595 174612 230299181.056
270 2213 180439 31413.7774326 178226 180439 237983162.368
280 2226 187477 32639.0677832 185251 187477 247265665.024
290 2328 194077 33788.1039176 191748 194076 255970484.224
300 2640 200431 34894.3123415 197791 200431 264350851.072
310 3031 207561 36135.6195594 204530 207561 273754693.632
320 2979 214375 37321.91232 211396 214375 282741760.0
330 3220 221203 38510.64243 217983 221203 291747291.136
340 3463 228856 39843.0020567 225393 228856 301840924.672
350 3742 234946 40903.2490353 231203 234945 309873098.752
360 3999 241215 41994.6592666 237215 241214 318141358.08
370 4086 247780 43137.6020275 243693 247779 326800015.36
380 4257 254923 44381.1724984 250666 254923 336221003.776
390 4630 261220 45477.4574285 256589 261219 344526192.64
400 5007 268254 46702.0513935 263246 268253 353803419.648
410 4835 274689 47822.3616246 269853 274688 362290618.368
420 5232 281260 48966.3489638 276027 281259 370957189.12
430 5602 288340 50198.9513626 282737 288339 380295086.08
440 5524 295579 51459.2350863 290055 295579 389842690.048
450 6013 302651 52690.444714 296638 302651 399170035.712
460 6323 309889 53950.5543414 303565 309888 408716320.768
470 6388 315467 54921.6639713 309079 315467 416073211.904
480 6718 322555 56155.6591411 315836 322554 425421660.16
490 6776 329055 57287.2856371 322278 329054 433994588.16
500 7523 334865 58298.7856282 327342 334865 441657466.88
